0.000000000000000000e+00 8.159317551932719903e-01 7.896973100709326898e-01 7.094655797101449002e-01 7.329282407407406996e-01
1.000000000000000000e+00 7.996882728414752561e-01 7.898526699454696542e-01 7.274844720496894679e-01 7.422839506172839164e-01
2.000000000000000000e+00 7.986204091066159139e-01 7.918778683668301621e-01 7.311076604554865854e-01 7.342785493827160836e-01
3.000000000000000000e+00 7.876503856285758109e-01 7.805581398216294708e-01 7.402303312629399112e-01 7.486496913580247270e-01
4.000000000000000000e+00 7.881366884486274982e-01 7.984763814343346366e-01 7.396803830227742793e-01 7.108410493827160836e-01
5.000000000000000000e+00 7.902271704397340057e-01 7.845541606714696581e-01 7.339868012422360311e-01 7.384259259259259300e-01
6.000000000000000000e+00 7.911071196105909920e-01 7.767535013917051812e-01 7.346337991718426830e-01 7.545331790123457338e-01
7.000000000000000000e+00 7.899862638911845369e-01 8.400886452492372092e-01 7.370600414078675167e-01 6.791087962962962798e-01
8.000000000000000000e+00 7.908536911504362443e-01 7.955806347323052252e-01 7.356042960662525498e-01 7.359182098765432167e-01
9.000000000000000000e+00 7.893045016450664919e-01 7.741002826778976553e-01 7.388716356107660754e-01 7.573302469135801962e-01
1.000000000000000000e+01 8.006771431452985865e-01 7.898107590498747443e-01 7.239259834368529933e-01 7.366898148148147696e-01
1.100000000000000000e+01 7.998483014402922864e-01 8.129069805145263672e-01 7.258669772256728381e-01 7.185570987654320563e-01
1.200000000000000000e+01 7.976933652322978352e-01 7.938232830277195395e-01 7.254787784679088691e-01 7.352430555555555802e-01
1.300000000000000000e+01 7.874186015523985116e-01 7.846036111866986351e-01 7.382893374741200665e-01 7.452739197530864335e-01
