0.000000000000000000e+00 7.991106901356398451e-01 8.274024084762290343e-01 7.305900621118012195e-01 6.965663580246913567e-01
1.000000000000000000e+00 7.530025765762565770e-01 7.633940890247439270e-01 7.785973084886128603e-01 7.739197530864198038e-01
2.000000000000000000e+00 7.421227186362936434e-01 7.216688173788564642e-01 7.916990165631470067e-01 8.121141975308642236e-01
3.000000000000000000e+00 7.406915233742376037e-01 7.462024438528367387e-01 7.936400103519668514e-01 7.961998456790123635e-01
4.000000000000000000e+00 7.313031662818560985e-01 7.288720846912006834e-01 8.020833333333333703e-01 8.045910493827160836e-01
5.000000000000000000e+00 7.324329559107004561e-01 7.294374156145402299e-01 8.008216873706004435e-01 8.043981481481481399e-01
6.000000000000000000e+00 7.248525101205577359e-01 7.280239753517103729e-01 8.079386645962732816e-01 8.086419753086420137e-01
7.000000000000000000e+00 7.278914707047599020e-01 7.252168964456628952e-01 8.079386645962732816e-01 8.101851851851852304e-01
8.000000000000000000e+00 7.303604178793928758e-01 7.205421939308260804e-01 8.017598343685300444e-01 8.150077160493827133e-01
9.000000000000000000e+00 7.228959972814003043e-01 7.150554829909477883e-01 8.103972567287784923e-01 8.198302469135801962e-01
1.000000000000000000e+01 7.205047955424148665e-01 7.223542630672454834e-01 8.143115942028985588e-01 8.177083333333333703e-01
1.100000000000000000e+01 7.191148521243662106e-01 7.215461285761844978e-01 8.147968426501035477e-01 8.137538580246913567e-01
1.200000000000000000e+01 7.245579373022044134e-01 7.187107050860369606e-01 8.092973602484472284e-01 8.171296296296296502e-01
1.300000000000000000e+01 7.177385958085148454e-01 7.398607866999543647e-01 8.168995859213250554e-01 7.982253086419752730e-01
1.400000000000000000e+01 7.158746031994158709e-01 7.262462624061254424e-01 8.184200310559006653e-01 8.134645061728394966e-01
1.500000000000000000e+01 7.203863512408412717e-01 7.181717216232677004e-01 8.130499482401656319e-01 8.167438271604938738e-01
