0.000000000000000000e+00 7.422297637655127511e-01 7.462251432883886260e-01 7.950957556935818182e-01 7.908950617283950768e-01
1.000000000000000000e+00 7.395862485311046619e-01 7.457031401587120856e-01 7.966162008281573170e-01 7.916666666666666297e-01
2.000000000000000000e+00 7.367405373117198453e-01 7.445743875003155710e-01 7.998835403726708426e-01 7.932098765432098464e-01
3.000000000000000000e+00 7.372934628224027120e-01 7.431713151343074530e-01 7.997864906832298226e-01 7.936921296296296502e-01
4.000000000000000000e+00 7.351345029923733732e-01 7.425266644101083946e-01 8.013716356107660754e-01 7.940779320987654266e-01
5.000000000000000000e+00 7.349863463307019229e-01 7.418138186136881140e-01 8.015657349896480044e-01 7.940779320987654266e-01
6.000000000000000000e+00 7.344625187463148519e-01 7.409157322512732735e-01 7.994953416149068737e-01 7.953317901234567833e-01
7.000000000000000000e+00 7.324572341289086186e-01 7.401159431463406602e-01 8.031832298136646342e-01 7.956211419753086433e-01
8.000000000000000000e+00 7.317556021870046390e-01 7.397442555721894797e-01 8.030861801242236142e-01 7.937885802469135665e-01
9.000000000000000000e+00 7.305725031757946963e-01 7.387679197170116119e-01 8.042184265010351440e-01 7.960069444444444198e-01
1.000000000000000000e+01 7.300947693564137086e-01 7.395746560744297371e-01 8.043478260869565410e-01 7.950424382716049232e-01
