0.000000000000000000e+00 7.724377000800818349e-01 7.461962295167240411e-01 7.594785196687370288e-01 7.842399691358025171e-01
1.000000000000000000e+00 7.420280757157698970e-01 7.277110888634199526e-01 7.932194616977226165e-01 8.030478395061728669e-01
2.000000000000000000e+00 7.328973301449177580e-01 7.432518524152261774e-01 8.016304347826086474e-01 7.816358024691357764e-01
3.000000000000000000e+00 7.280407628164035083e-01 7.279515222266867980e-01 8.076798654244305986e-01 8.056520061728394966e-01
4.000000000000000000e+00 7.301564158613390587e-01 7.295438165282025489e-01 8.043154761904761640e-01 8.018904320987654266e-01
5.000000000000000000e+00 7.276850594496875324e-01 7.229721619759077456e-01 8.067740683229813747e-01 8.122106481481481399e-01
6.000000000000000000e+00 7.236248415202580775e-01 7.287982426307819672e-01 8.119500517598343681e-01 8.066165123456789932e-01
7.000000000000000000e+00 7.215385364202732132e-01 7.254384638350687142e-01 8.131146480331262749e-01 8.034336419753086433e-01
8.000000000000000000e+00 7.190960796229833862e-01 7.184737218014988214e-01 8.160261387163560975e-01 8.126929012345679437e-01
9.000000000000000000e+00 7.177337045254914560e-01 7.248434372890142363e-01 8.168672360248446784e-01 8.071952160493827133e-01
